1426,1
1426,3
1424,1
1424,3
10,196
10,22
10,88
10,67
10,232
10,20
10,247
10,248
11,11
11,23
8,5
1441,3
1441,2
1441,1
1441,0
1438,4
1438,3
1438,1
1436,5
1436,4
1436,3
1436,2
1436,1
1433,3
1433,1
1430,3
1430,1
1428,4
1428,3
1428,1
1419,4
1419,3
1419,1
1382,3
1382,1
19,2
20,3
20,2
20,1
17,3
19,1
17,2
17,1
19,3
16,3
16,2
16,1
15,3
15,2
15,1
14,2
13,2
12,3
12,2
12,1
11,27
11,26
11,24
11,22
11,21
11,20
11,19
11,18
11,17
11,16
11,15
11,14
11,13
11,12
11,10
11,8
11,7
11,6
11,5
11,4
11,3
11,2
11,1
10,298
10,233
10,230
10,227
10,208
10,207
10,203
10,198
10,187
10,158
18,1
18,3
10,148
10,111
14,1
14,3
13,1
13,3
10,69
10,28
10,25
10,8
10,3
10,2
10,1
9,7
9,6
9,5
9,4
9,3
9,2
9,1
8,17
8,16
