0,319
0,318
0,317
11,26
11,24
11,21
11,18
11,17
11,14
11,13
11,8
11,7
11,6
11,4
8,15
8,16
8,10
8,7
8,6
8,5
8,4
4,41
4,40
4,16
7,15
7,14
7,12
17,2
17,1
17,3
15,2
15,1
15,3
16,2
16,1
16,3
13,2
14,2
4,27
4,17
4,4
4,91
4,11
4,24
4,83
4,74
4,72
4,37
4,1
4,31
4,2
4,3
6,5
6,8
6,7
6,6
6,1
6,4
6,2
6,3
7,7
7,10
7,8
7,4
7,5
7,9
7,1
7,13
7,2
7,3
5,4
5,2
5,1
5,3
1439,52
1439,51
1439,50
1439,49
1439,48
1439,47
1439,46
1439,45
1439,44
1439,43
1439,42
1439,41
1439,40
1439,39
1439,38
1439,37
1439,36
1439,35
0,316
0,386
1436,2
1436,5
1438,4
1438,1
1438,3
1436,4
1436,1
1436,3
1433,1
1433,3
1428,1
1428,3
1419,4
1419,1
1419,3
10,148
10,8
10,207
10,28
10,203
10,25
10,198
10,158
11,20
11,15
11,10
11,22
11,16
11,5
9,4
9,6
8,12
8,11
8,9
8,17
20,3
20,2
20,1
19,3
19,2
19,1
